7381241889928113882120605960903086727107689330104436879467980500897150589161674543171417013639840029462418418573344697392660886039933459738350684949956161
200958512168396032273512202424790360438800622937829244162811672453527031485168170027669397904838728650800325736797488650918115615530365943641726310038839
7270303108937855550703420126854000463561173566336891533937104871317777375447626853415232197200256363743052633080539104612908684410250618943656263394112590
5084502383998793705677030471191716430591953872817668563233524435907022321409210536239671518462162391685267512878968210080037665966635993358977619510996279
5789526008013946386584945212770411672877330636507116032209033032197481303383496719678256383577030890303402878482545234421104249938903988124005090896684050
4998876917595640882118280736221169756971848016648565985385590040279700650351644813512632780727953351996423079046071478755578173296729515832519448535501460
6093437582354058677010149452384473769169577272980299944933091076370766213343817085459880239753296855746848182051653668697031218663219098606260906668608729
4062549722197241942221305584107825216846310449556134850881201203963231154246346630024763566252316417151615125630528395528643017741403022218618410575216690
4528597370111575807192420725076204850046908015187327468277378578447749741640022624883008754410575482449686032594251844319022770969751413425158411621832925
833355971915907263307867374489745017673434084691430100662691709990637442646696292075535108474097918109950315510855334891080439916603464896216257614114164
5130832458520103630054605368171187135320461219472352301538622590934824708377608133503531543730997739120504707031931906066231347400043290487543651651378988
5801707018989765110430948463327062435277588685563964132107819050640116726477928195446467678988511724496190357250219046652249532335611164597409054517265405
5227860949990651699925292425625695159258506210053319494114645807168792873786809746952459498432943188433994765790009894815459423433109923472452269838640149
4442295292740324297151609206149382159837711439360610413966939176727833216771591137508536682207178397826102906140364766135473999060151498252799368749469126
6292232629799765011537340497061794777789652890263919959015786729449150050447781761168935982768727641306669458335310000458722867520821917555800134866769357
7653515816203395051723848432175696470738636925028637023140910553579308792977739485615027247051169513636271426602871616072896667872775935856642531013920080
5542645112447418313132239726373498043947538816273604982231764403908996870228220806716348291080548286555563963193133705608145023126064152040049425010835825
5224039306491896444728786466343649371050774082986199223962694228279556558207573585024032147003920233315108906954156644383651922123248137825741374701862494
4731485013581133985145654474110899331222926047566706349716086079099229439557476336534653882162197924029547681443622785966030921201924648845650105794030742
7584914704071102800322081227486313928548403421176895184495887694773295421120761633154982920717496584112606719919759811346887879386966507020797586958391406
4071210812402483715163213542291534579326491373511318164437755354445356260893820594329449703776858874441551007494065444099848427485290304771761872685150119
7348349904845870431435227739318144575991476558611264925912928231252247515225337937489131220974578028497191586882769656389973223758340670251775604593966938
2897953790839690375428043800227171869154658084070491107190465051271027071707780335576325744031764376776438689375258233391809940085703454037888215785131021
2292108932918380225922476767516833582415943225462232476501975443558690586461820216591185901886526332265946910055319568710214309863190485162771468815021306
2565967420801899065100880503767277518155519064873179679990647735595907162260541078466901076313936132399713890870332944826329114515144510615267076722635533
6363537211654016719285354596460384840283616322239622669929211200598063974154483787906329006542402893079282392863104658130496550189128671059061218652859735
7616596266426750910656392873726574782564192719032496328654294940854809505610802773592875997246713696275446874474716670584408097801475293575959618478045459
2460587127359940297587830566476726713373169107831280739110016599296607127666495520741650512120056459416972187198683655866317762259126766992997786518461806
245325169849906295625113602238939741686023425425546453873030105330425569114492444553619025650081337449779019952345530598696654978971720251796799267937890
562622712455471070967892804316607364491153667863013142288002441782807650309829382304887462700711348040766733550695950124521852213148953111526263079572127
5730988385619732435486063904328532636773266986020448864655879216652545416732560416423481321606872278946615922260200060219547061039085173048453907797075504
2050200776713292241927089395612215265730519144123705026638614688022816348775430311777838497897216477050150678194675508859863758468749844843934127370249035
7062241444965875141165590260611435669392855957705629978093694783917001766983676060536917340516956185341005445734978252032131282594378423175151055746451165
2503137118252534972407475132707334841239263080137297936386235706143761738043525868568060571075092581737619718731915335967842080877350368247808132869884474
3204006922110857483341846397668409190501019750063759185820355182107611174022947993649002538620588247284292143497946965475945669145934566301082626371262866
3589332635530845378110972274854032864691090132849910233273596813456393091199645204080335541723473989825663314197816313474493831187658335671425329935920201
7176554706390138657894969690244154169723238876351757117587188018833830668051141341222261861164997305333718041302047944392659226294136730018321772760939968
6458443698999712078873063896780447129634102701274852950247306013159745132144640722356874828221821980026011966552220761680577584964100519588109703536608418
7818769557945908835690421825223697127379602732635037194835188689269419879625613597800875797327992380392472525615531389698108542440202810899365976119385701
2509617419817678080696379308074312482692022568221083436613255275934418696952120380107271195967423394515448120785178250584806014043487663953483784538523005
2526736809745950114004846730859686497564204244952580986996059012721225285968800770007753602627429737367585802211852799236501158815449591236057537797504383
1028931186284228805455461559179514246033481508182653440314125977184697491773066277598737518073848556694550296244469880647417920928298542883906492679935728
268954211371701039494145752350576851842953341331103646232471128366054622051185658761667987099969749990559346483872683815441100012913559193538384347490837
